# The triangulation HP2_15 with symmetry group C6xC2
#
# (C) Alexander A. Gaifullin, 2023
#
# Generators of symmetry group:
# (1 11)(2 12)(3 7)(4 8)(5 9)(6 10)
# (1 2 3 4 5 6)(7 8 9 10 11 12)(13 14 15)
490
111111101010000
111111010101000
101010111111000
010101111111000
111111101000100
111111100100100
111110101100100
101111101100100
011111101100100
011111011100100
111011101010100
110111101010100
110110111010100
110101111010100
101111001110100
101011101110100
110010111110100
100011111110100
001011111110100
111101110001100
111111001001100
111110011001100
111101011001100
011111011001100
111111000101100
111101100101100
111011100101100
110111100101100
111110010101100
011111010101100
011101110101100
111010101101100
011011101101100
010111101101100
111010011101100
011011011101100
010111011101100
010110111101100
010101111101100
001011111101100
000111111101100
111011100011100
111011001011100
110111001011100
101111001011100
111010101011100
011011101011100
010111101011100
110110011011100
101110011011100
110101011011100
010110111011100
010101111011100
001011111011100
110110010111100
101110010111100
011100110111100
010110110111100
011001110111100
111000101111100
110010101111100
101010101111100
011001101111100
110010011111100
101010011111100
011001011111100
010010111111100
001010111111100
010001111111100
001001111111100
111110111000010
111111100100010
111111010100010
111110101100010
101111101100010
011111101100010
111111100010010
111111010010010
111110110010010
111101110010010
111011110010010
101111101010010
011111101010010
101110111010010
110111010110010
101111010110010
011111010110010
101101110110010
011101110110010
101011110110010
101111001110010
101101101110010
011101101110010
101011101110010
101010111110010
100101111110010
100011111110010
001011111110010
111101110001010
111101100101010
111011100101010
110111100101010
111101010101010
111011010101010
101101110101010
011101110101010
101011110101010
111010101101010
011011101101010
010111101101010
111010011101010
011011011101010
101010111101010
100101111101010
001011111101010
011011101011010
010111101011010
101100111011010
001110111011010
001011111011010
110111000111010
110101010111010
101100110111010
011100110111010
011001110111010
010101110111010
101100101111010
011001101111010
010101101111010
110001011111010
011001011111010
100101011111010
101000111111010
100100111111010
001001111111010
000101111111010
111110011000110
110110111000110
111110010100110
111110001100110
111100101100110
110110101100110
100111101100110
111010011100110
100011111100110
110111100010110
110110110010110
110101110010110
100111101010110
101110011010110
100110111010110
100101111010110
100011111010110
110110010110110
101110010110110
101110001110110
100111001110110
001111001110110
101010011110110
011001011110110
100011011110110
001011011110110
110111100001110
111100110001110
111001110001110
110101110001110
111100100101110
110110100101110
100111100101110
111100010101110
111000011101110
110111000011110
010111100011110
110101010011110
011100110011110
011001110011110
010101110011110
001011110011110
000111101011110
101100011011110
001110011011110
110001011011110
011001011011110
100101011011110
001011011011110
000110111011110
000101111011110
000011111011110
110110000111110
011100100111110
110100010111110
101100010111110
011100010111110
110000011111110
101000011111110
011000011111110
111110111000001
011111011100001
111111010010001
111110110010001
111101110010001
111011110010001
111111001010001
111110101010001
111101101010001
110110111010001
101110111010001
110101111010001
110111010110001
101111010110001
011111010110001
101101110110001
011101110110001
101011110110001
101101101110001
011101101110001
110010111110001
100101111110001
010101111110001
111111010001001
111111001001001
111110011001001
111101011001001
011111011001001
110111010101001
101111010101001
101101110101001
101011110101001
010111011101001
010110111101001
100101111101001
000111111101001
111011100011001
111011001011001
110111001011001
101111001011001
111010101011001
110110011011001
101110011011001
110101011011001
101100111011001
101010111011001
010110111011001
001110111011001
110111000111001
110110010111001
101110010111001
110101010111001
101100110111001
101010110111001
010110110111001
111000101111001
101100101111001
110010101111001
110010011111001
110001011111001
100101011111001
010101011111001
100100111111001
010100111111001
100010111111001
010010111111001
111101110000101
111101101000101
111101011000101
110101111000101
011101110100101
101101101100101
011101101100101
011110011100101
011101011100101
001111011100101
110010111100101
010110111100101
010101111100101
000111111100101
111001101010101
110001111010101
101111000110101
101011100110101
011100110110101
110010110110101
010110110110101
011001110110101
100011110110101
001011110110101
101101001110101
111000101110101
101001101110101
011001101110101
110000111110101
100001111110101
010001111110101
101101110001101
111001011001101
101101011001101
001111011001101
000111111001101
101111000101101
101101100101101
101011100101101
001111010101101
001101110101101
001011110101101
000111110101101
101111000011101
111001100011101
110011100011101
101011100011101
111001001011101
101101001011101
001111001011101
101110000111101
111000100111101
110010100111101
101010100111101
010110100111101
001110010111101
001100110111101
001010110111101
000110110111101
111000001111101
111011110000011
111100111000011
111010111000011
011110111000011
011111001100011
011011011100011
011110110010011
110011110010011
011011110010011
011111001010011
011110101010011
011111000110011
011110010110011
110011010110011
011011010110011
011101001110011
011100101110011
110001011110011
111011100001011
111011010001011
101011110001011
111010101001011
111010011001011
011011011001011
101100111001011
101010111001011
001110111001011
100101111001011
110011010101011
100011110101011
010111001101011
111000101101011
101100101101011
110010101101011
010110101101011
100101101101011
000111101101011
110010011101011
110001011101011
010011011101011
100010111101011
100001111101011
000011111101011
011011100011011
001110110011011
011011001011011
010111001011011
011010101011011
010110101011011
001110101011011
110011000111011
100111000111011
010111000111011
101100001111011
110001001111011
100101001111011
010101001111011
011000101111011
010100101111011
001100101111011
111100110000111
111001110000111
111100101000111
111100011000111
011110011000111
110100111000111
110010111000111
010110111000111
100101111000111
011110010100111
100011110100111
011110001100111
001111001100111
111000101100111
101100101100111
011100101100111
110010101100111
010110101100111
100101101100111
000111101100111
110010011100111
011010011100111
011001011100111
001011011100111
100010111100111
100001111100111
000011111100111
110011100010111
011100110010111
110010110010111
010110110010111
110001110010111
011001110010111
100011110010111
001011110010111
001111001010111
110001011010111
100111000110111
001111000110111
011100100110111
011100010110111
110010010110111
010110010110111
001110010110111
011001010110111
100011010110111
001011010110111
101100001110111
011001001110111
100101001110111
001101001110111
110000011110111
100001011110111
010001011110111
111001100001111
110011100001111
111001010001111
101100110001111
101001110001111
100101110001111
001011110001111
000111101001111
111000011001111
101100011001111
001110011001111
110001011001111
011001011001111
100101011001111
001011011001111
000110111001111
000101111001111
000011111001111
100111000101111
111000100101111
101100100101111
110010100101111
010110100101111
100101100101111
100011100101111
000111100101111
111000001101111
110011000011111
100111000011111
010110100011111
011001100011111
010011100011111
001011100011111
001110010011111
001100110011111
001010110011111
000110110011111
101100001011111
001110001011111
110001001011111
011001001011111
100101001011111
001011001011111
000111001011111
101100000111111
110010000111111
100110000111111
010110000111111
011000100111111
010100100111111
001100100111111
110000001111111
101000001111111
011000001111111
