# Triangulations HP2_15 with symmetry group A4
#
# (C) Alexander A. Gaifullin, 2023
#
# HP2_15(A4,1) is one of the three 
# Brehm-Kuhnel triangulations.
#
# HP2_15(A4,2) is a new triangulation.
#
# Generators of symmetry group:
# (1 2)(3 5)(6 7)(8 10)(11 12)(13 15)
# (1 3 12)(2 6 8)(4 14 9)(5 10 15)(7 11 13)

# HP2_15(A4,1)
490
111110110110000
111110101110000
110101111110000
101011111110000
111111011001000
111111010101000
110101111101000
011011111101000
111011101011000
101111010111000
011110110111000
110101110111000
001111110111000
101011011111000
011010111111000
110001111111000
001011111111000
111110101100100
101101111100100
011011111100100
111111010010100
111111001010100
111101101010100
111011101010100
101011111010100
111110010110100
111100110110100
111010110110100
101101110110100
111110001110100
111100101110100
111010101110100
110101101110100
101101101110100
101010111110100
011010111110100
101001111110100
110111101001100
101111011001100
011011111001100
111100110101100
110101101101100
101101011101100
011001111101100
100101111101100
101111010011100
101111001011100
110011101011100
011011101011100
101011011011100
011010111011100
100011111011100
001011111011100
110101100111100
101110010111100
101101010111100
110100110111100
011100110111100
100101110111100
001101110111100
101110001111100
101101001111100
110001101111100
011001101111100
101010011111100
101001011111100
110000111111100
011000111111100
100001111111100
001001111111100
111111010100010
111110110100010
101101111100010
010111111100010
111111010010010
111110110010010
111111001010010
111110101010010
110111010110010
101111010110010
110110110110010
101110110110010
101101110110010
101011110110010
001111110110010
110110101110010
101110101110010
101101101110010
110101011110010
110100111110010
010110111110010
100101111110010
111111001001010
111110101001010
111101011001010
011111011001010
010111111001010
111111000101010
111110100101010
111101010101010
011111010101010
111100110101010
011110110101010
011011110101010
010111110101010
001111110101010
110101011101010
101101011101010
110100111101010
010101111101010
111011100011010
011110110011010
001111110011010
111011001011010
101111001011010
111010101011010
011110101011010
011110011011010
010110111011010
101111000111010
001111100111010
101110001111010
101101001111010
011111011000110
111010110100110
011011110100110
110110101100110
010111101100110
101100111100110
001101111100110
010011111100110
111011100010110
111011010010110
011111010010110
111010110010110
101011110010110
110111001010110
011111001010110
011110011010110
110111000110110
110010110110110
110110001110110
110101001110110
110010101110110
110000111110110
100010111110110
010010111110110
011011110001110
110111001001110
110110101001110
010111101001110
011011011001110
001111011001110
010011111001110
000111111001110
110111000101110
110110100101110
010111100101110
111000110101110
101100110101110
011001110101110
001101110101110
110101001101110
110100101101110
010101101101110
101100011101110
011001011101110
001101011101110
110000111101110
100100111101110
010001111101110
000101111101110
110011100011110
011011100011110
001111010011110
011010110011110
001101110011110
001011110011110
000111110011110
110011001011110
011011001011110
100111001011110
001111001011110
110010101011110
011010011011110
001110011011110
110000111011110
100010111011110
010010111011110
100111000111110
100110001111110
110001001111110
011001001111110
100101001111110
001101001111110
110000011111110
111111011000001
101011111100001
010111111100001
111101101010001
110101111010001
110111010110001
011110101110001
101011101110001
010110111110001
010101111110001
100011111110001
111110101001001
111011101001001
110111101001001
111110011001001
111011011001001
110111011001001
110101111001001
010111111001001
111110100101001
111110010101001
111011010101001
110111010101001
010111110101001
011011101101001
101011011101001
011011011101001
010011111101001
110101110011001
011110101011001
111001101011001
101011101011001
011110011011001
010110111011001
110001111011001
100011111011001
011110100111001
011110010111001
110101010111001
100111010111001
010110110111001
010101110111001
000111110111001
101011001111001
011010101111001
011001101111001
001011101111001
011010011111001
110001011111001
100011011111001
010010111111001
010001111111001
000011111111001
111111010000101
111111001000101
111110101000101
111101101000101
111011101000101
110111101000101
101111011000101
011111011000101
101101111000101
101011111000101
111110100100101
111110010100101
101110101100101
011110101100101
011011101100101
010111101100101
011011011100101
101010111100101
001011111100101
111101100010101
111101010010101
110111010010101
111100110010101
101101110010101
011101101010101
011110011010101
110111000110101
110110010110101
011110010110101
011110001110101
011100101110101
011001101110101
010101101110101
001101101110101
011010011110101
110111100001101
111100110001101
100111101001101
101110011001101
100111011001101
100101111001101
100011111001101
000111111001101
110111000101101
111100100101101
110110100101101
010111100101101
111100010101101
101110010101101
101110001101101
101010011101101
110101100011101
100111010011101
110100110011101
011100110011101
100101110011101
100011110011101
000111110011101
001110011011101
110101000111101
100111000111101
011100100111101
011001100111101
010101100111101
001101100111101
110100010111101
011100010111101
100110010111101
001110010111101
001110001111101
011000011111101
100010011111101
001010011111101
111101011000011
101101111000011
111011010100011
101011110100011
101110101100011
010111011100011
101001111100011
000111111100011
111101010010011
111100110010011
101101110010011
111101001010011
111100101010011
101101101010011
110101011010011
110100111010011
100101111010011
101011100110011
110011010110011
010111010110011
100011110110011
000111110110011
101010101110011
001110101110011
101001101110011
001101101110011
010110011110011
110001011110011
010101011110011
100010111110011
000110111110011
100001111110011
000101111110011
111011100001011
111100110001011
111100101001011
101110101001011
111100011001011
111001011001011
110100111001011
111011000101011
111010100101011
101110100101011
011011100101011
111001010101011
101110001101011
110001011101011
101001011101011
011001011101011
111001100011011
101011100011011
011100110011011
111001001011011
111000101011011
011100101011011
101010101011011
001110101011011
011100011011011
110000111011011
010100111011011
100010111011011
000110111011011
101011000111011
001110100111011
001101100111011
001011100111011
000111100111011
101010001111011
001110001111011
110001001111011
101001001111011
011001001111011
110000011111011
111011100000111
111011010000111
101011110000111
011101011000111
010111011000111
101100111000111
001101111000111
000111111000111
111010100100111
011011100100111
111010010100111
011011010100111
101010110100111
001011110100111
010111001100111
101100101100111
100110101100111
001101101100111
000111101100111
011001011100111
010011011100111
101000111100111
100010111100111
001001111100111
000011111100111
111001100010111
111001010010111
011101010010111
110011010010111
010111010010111
111000110010111
101001110010111
001101110010111
100011110010111
000111110010111
011101001010111
011100011010111
010110011010111
110011000110111
010111000110111
110010010110111
010110001110111
011001001110111
010101001110111
001101001110111
100010011110111
010010011110111
110011100001111
111000110001111
101100110001111
100110101001111
101100011001111
100100111001111
100010111001111
000110111001111
110011000101111
111000100101111
101100100101111
110010100101111
100110100101111
011001100101111
001101100101111
010011100101111
000111100101111
111000010101111
101100001101111
100110001101111
101000011101111
011000011101111
110001100011111
011001100011111
001101100011111
100011100011111
000111100011111
110000110011111
011000110011111
001100110011111
100010110011111
000110110011111
011000011011111
001100011011111
100010011011111
000110011011111
110001000111111
011001000111111
001101000111111
100011000111111
000111000111111
110000010111111
011000001111111
001100001111111
100010001111111
000110001111111
100000011111111
010000011111111

# HP2_15(A4,2)
490
111110110110000
101111110110000
111110101110000
110101111110000
101011111110000
111111011001000
111111010101000
011111110101000
110101111101000
011011111101000
111011101011000
101111010111000
011110110111000
110101110111000
001111110111000
101011011111000
011010111111000
110001111111000
001011111111000
111111011000100
101101111100100
011011111100100
111111010010100
111111001010100
111011101010100
101011111010100
111110010110100
111100110110100
111010110110100
101101110110100
111110001110100
111100101110100
111010101110100
110101101110100
101101101110100
101010111110100
011010111110100
101001111110100
101111011001100
011011111001100
111100110101100
110101101101100
101101011101100
011001111101100
100101111101100
101111010011100
001111110011100
101111001011100
110011101011100
011011101011100
101011011011100
011010111011100
100011111011100
001011111011100
110101100111100
101110010111100
101101010111100
110100110111100
011100110111100
100101110111100
001101110111100
101110001111100
101101001111100
110001101111100
011001101111100
101010011111100
101001011111100
011000111111100
100001111111100
001001111111100
111111010100010
111110110100010
101111110100010
011111110100010
101101111100010
010111111100010
111111010010010
111110110010010
101111110010010
111111001010010
111110101010010
101111100110010
110111010110010
110110110110010
100111110110010
110110101110010
101110101110010
101101101110010
110101011110010
110100111110010
010110111110010
100101111110010
011111110001010
111111001001010
111110101001010
111101011001010
011111011001010
010111111001010
111111000101010
111110100101010
011111100101010
111101010101010
111100110101010
011101110101010
110101011101010
101101011101010
110100111101010
010101111101010
111011100011010
011110110011010
111011001011010
101111001011010
111010101011010
011110101011010
011110011011010
010110111011010
101111000111010
101110001111010
101101001111010
110001011111010
110000111111010
011111011000110
111010110100110
011011110100110
110110101100110
010111101100110
101100111100110
001101111100110
010011111100110
111011100010110
111011010010110
011111010010110
111010110010110
101011110010110
001111110010110
110111001010110
011111001010110
011110011010110
110111000110110
110010110110110
110110001110110
110101001110110
110010101110110
100010111110110
010010111110110
011011110001110
001111110001110
110111001001110
110110101001110
010111101001110
011011011001110
001111011001110
010011111001110
000111111001110
110111000101110
110110100101110
010111100101110
111000110101110
101100110101110
011001110101110
001101110101110
110101001101110
110100101101110
010101101101110
101100011101110
011001011101110
001101011101110
100100111101110
010001111101110
000101111101110
110011100011110
011011100011110
001111100011110
011010110011110
001110110011110
110011001011110
011011001011110
100111001011110
001111001011110
110010101011110
011010011011110
001110011011110
100010111011110
010010111011110
100111000111110
110000110111110
100110001111110
110001001111110
011001001111110
100101001111110
001101001111110
110000101111110
011000011111110
100010011111110
100000111111110
010000111111110
111110101100001
101011111100001
010111111100001
110101111010001
110111010110001
011110101110001
101011101110001
010110111110001
010101111110001
100011111110001
111110101001001
111011101001001
111110011001001
111011011001001
110111011001001
110101111001001
010111111001001
111110100101001
111110010101001
111011010101001
110111010101001
010111110101001
011011101101001
101011011101001
011011011101001
010011111101001
110101110011001
011110101011001
111001101011001
101011101011001
011110011011001
010110111011001
110001111011001
100011111011001
011110100111001
001111100111001
011110010111001
110101010111001
100111010111001
010110110111001
010101110111001
000111110111001
101011001111001
011010101111001
011001101111001
001011101111001
011010011111001
100011011111001
010010111111001
010001111111001
000011111111001
111011101000101
111110011000101
111101011000101
111011011000101
110111011000101
101101111000101
101011111000101
111110010100101
111110001100101
111100101100101
111010101100101
110110101100101
011011101100101
010111101100101
011011011100101
101010111100101
001011111100101
111101010010101
110111010010101
111100110010101
101101110010101
111101001010101
111100101010101
111001101010101
110101101010101
101101101010101
011110011010101
110111000110101
110110010110101
011110010110101
011110001110101
011100101110101
011001101110101
010101101110101
001101101110101
011010011110101
111100110001101
110111001001101
110110101001101
110101101001101
110011101001101
010111101001101
101110011001101
100111011001101
100101111001101
100011111001101
000111111001101
110111000101101
111100100101101
110110100101101
010111100101101
111100010101101
101110010101101
101110001101101
101010011101101
110101100011101
100111010011101
110100110011101
011100110011101
100101110011101
100011110011101
000111110011101
001110011011101
110101000111101
100111000111101
011100100111101
011001100111101
010101100111101
001101100111101
110100010111101
011100010111101
100110010111101
001110010111101
001110001111101
001010011111101
111101011000011
101101111000011
111011010100011
101011110100011
101110101100011
010111011100011
101001111100011
000111111100011
111101010010011
111100110010011
101101110010011
111101001010011
111100101010011
101101101010011
110101011010011
110100111010011
100101111010011
101011100110011
001111100110011
110011010110011
010111010110011
100011110110011
000111110110011
101010101110011
001110101110011
101001101110011
001101101110011
010110011110011
010101011110011
100010111110011
000110111110011
100001111110011
000101111110011
111011100001011
111100110001011
111100101001011
101110101001011
111100011001011
111001011001011
110100111001011
111011000101011
111010100101011
101110100101011
011011100101011
001111100101011
111001010101011
101110001101011
101001011101011
011001011101011
111001100011011
101011100011011
001111100011011
011100110011011
111001001011011
111000101011011
011100101011011
101010101011011
001110101011011
011100011011011
110001011011011
110000111011011
010100111011011
100010111011011
000110111011011
101011000111011
001111000111011
110001010111011
101010001111011
001110001111011
101001001111011
011001001111011
011000011111011
100010011111011
100001011111011
010001011111011
111011100000111
111011010000111
101011110000111
011101011000111
010111011000111
101100111000111
001101111000111
000111111000111
111010100100111
011011100100111
111010010100111
011011010100111
101010110100111
001011110100111
010111001100111
101100101100111
100110101100111
001101101100111
000111101100111
011001011100111
010011011100111
101000111100111
100010111100111
001001111100111
000011111100111
111001100010111
111001010010111
011101010010111
110011010010111
010111010010111
111000110010111
101001110010111
001101110010111
100011110010111
000111110010111
011101001010111
011100011010111
010110011010111
110011000110111
010111000110111
110010010110111
010110001110111
011001001110111
010101001110111
001101001110111
011000011110111
010010011110111
110011100001111
111000110001111
101100110001111
100110101001111
101100011001111
100100111001111
100010111001111
000110111001111
110011000101111
111000100101111
101100100101111
110010100101111
100110100101111
011001100101111
001101100101111
010011100101111
000111100101111
111000010101111
101100001101111
100110001101111
101000011101111
100010011101111
110001100011111
011001100011111
001101100011111
100011100011111
000111100011111
110000110011111
011000110011111
001100110011111
100010110011111
000110110011111
001100011011111
000110011011111
110001000111111
011001000111111
001101000111111
100011000111111
000111000111111
110000010111111
011000010111111
100010010111111
001100001111111
000110001111111
001000011111111
000010011111111

